0.5
0.33333
0.5
0.6
0.4
0.5
0.625
0.5
0.66667
0.66667
0.8
0.33333
0.25
0.75
0.5
0.5
0.66667
0.6
0.71429
0.4
0.75
0.25
0.6
0.5
0.75
0.5
0.25
0.2
0.66667
0.4
0.33333
0.66667
0.375
0.5
0.5
0.83333
1
0.5
0.25
1
0.33333
0.14286
0.66667
0.33333
0.4
0.33333
1
0.5
0.66667
0.6
0.6
1
0.5
0.5
0.55556
0.33333
0.33333
0.33333
0.5
0.11111
0.75
0.33333
0.6
0.33333
0.5
1
0.2
0.66667
0.5
0.57143
0.4
0.6
0.75
0.375
0.75
1
0.6
0.2
1
0.5
0.4
0.14286
0.25
0.6
0.75
0.66667
0.66667
0.5
0.2
0.16667
0.33333
0.5
1
0.28571
0.4
0.33333
0.4
0.090909
0.66667
1
0.5
0.33333
0.66667
0.5
0.5
0.5
0.25
0.83333
1
0.5
0.25
0.2
0.25
0.5
0.5
1
0.75
0.5
0.5
0.5
0.625
0.36364
0.57143
0.16667
1
0.4
0.5
0.5
0.25
0.5
0.5
1
0.66667
0.33333
0.75
0.66667
0.5
0.25
0.5
0.66667
0.25
0.6
0.25
0.4
0.25
0.5
0.4
0.66667
1
0.57143
0.33333
0.2
1
0.5
0.5
0.66667
0.5
0.66667
0.6
0.66667
0.33333
0.25
0.33333
0.5
0.71429
0.2
0.4
0.75
0.5
0.14286
0.5
0.375
0.66667
0.77778
0.375
0.25
0.4
0.85714
0.5
0.5
0.5
0.66667
0.28571
0.77778
1
0.5
0.66667
0.71429
0.66667
0.5
0.5
0.71429
0.6
0.25
0.77778
0.9
1
0.25
0.66667
0.6
0.2
0.66667
0.33333
0.25
0.75
0.72727
0.71429
1
0.66667
0.54545
0.75
0.8
0.33333
0.71429
0.33333
0.25
0.25
0.2
0.6
0.25
1
0.75
0.5
0.66667
0.5
0.33333
0.33333
0.33333
0.33333
0.2
0.25
0.25
0.33333
0.33333
0.33333
0.2
0.5
0.33333
0.5
0.42857
0.5
0.14286
0.25
0.14286
0.5
0.25
0.2
0.66667
1
0.75
0.25
0.33333
0.66667
0.5
0.6
0.8
0.5
0.66667
0.4
0.14286
0.33333
0.25
1
0.5
0.2
0.5
0.5
0.5
0.4
0.66667
0.25
0.4
0.33333
0.66667
0.5
0.5
0.66667
0.25
0.4
0.5
0.25
0.66667
0.25
0.66667
0.75
0.5
0.66667
0.66667
0.8
0.16667
0.66667
0.16667
0.33333
0.66667
0.25
0.5
0.5
0.33333
0.5
0.33333
0.5
0.4
0.33333
0.33333
0.75
0.8
0.33333
0.25
0.75
0.2
0.66667
0.33333
0.33333
0.33333
0.25
1
0.125
0.66667
0.42857
1
0.75
0.5
0.75
0.25
0.66667
0.72727
0.33333
0.66667
0.5
0.375
0.33333
0.6
0.33333
0.66667
1
0.5
0.5
0.5
0.42857
0.4
0.42857
0.25
0.5
0.5
0.5
0.25
0.33333
0.625
0.75
0.5
0.42857
0.5
0.14286
0.8
0.25
0.33333
0.5
0.5
1
1
0.5
0.42857
0.5
0.5
1
1
1
0.75
0.4
0.25
0.42857
1
1
0.4
0.33333
0.25
0.5
0.4
0.66667
0.5
0.25
1
0.33333
0.5
0.4
0.28571
0.33333
0.25
0.4
0.66667
1
0.25
0.5
0.25
0.4
0.5
0.8
0.66667
0.6
0.66667
0.5
0.4
0.25
0.25
0.14286
0.75
0.57143
1
0.5
0.33333
0.25
0.2
1
0.25
0.66667
0.66667
0.5
0.8
0.33333
1
0.75
0.5
0.33333
0.66667
0.4
0.66667
1
0.33333
0.75
1
0.5
0.25
1
0.5
0.6
0.5
0.22222
1
0.22222
0.42857
0.5
0.5
0.33333
0.25
0.5
0.5
0.5
0.4
0.4
0.5
0.5
1
0.66667
1
0.66667
0.4
0.2
0.4
0.1
0.25
1
0.5
0.5
1
0.5
0.5
0.6
0.66667
0.5
0.6
0.33333
0.25
0.4
0.25
0.33333
0.33333
0.25
0.33333
1
0.33333
0.75
0.5
0.33333
0.5
0.5
0.33333
0.5
0.5
0.5
0.5
0.5
1
0.28571
1
1
1
0.75
0.33333
0.5
0.5
0.5
1
0.5
0.5
1
1
0.5
0.5
1
1
1
0.33333
1
1
0.5
0.66667
1
0.5
0.66667
0.25
0.33333
0.5
0.5
0.5
0.66667
0.5
0.33333
0.75
0.5
0.25
0.25
0.5
1
1
0.6
0.42857
0.75
0.5
0.375
0.66667
0.5
0.5
0.33333
0.28571
0.42857
0.6
0.66667
0.28571
0.4
1
0.5
0.25
1
0.16667
1
0.75
0.25
0.2
0.75
0.5
0.4
0.83333
0.5
0.5
0.5
0.5
1
0.4
0.5
0.5
0.5
0.5
0.5
0.5
0.55556
0.66667
0.75
0.42857
1
0.5
0.66667
1
1
1
0.25
1
0.75
0.5
0.4
0.66667
0.5
0.625
0.25
0.5
0.25
0.2
0.42857
0.5
0.28571
0.5
0.625
0.6
0.6
0.25
0.5
0.66667
0.66667
0.5
0.75
0.75
1
0.33333
0.75
1
0.5
0.5
0.5
0.125
1
1
1
0.6
0.5
0.5
0.25
0.5
0.25
0.4
0.6
0.25
1
0.25
0.4
0.6
0.5
0.14286
0.25
0.5
0.6
1
1
0.5
0.5
0.75
0.75
0.33333
0.5
0.5
1
0.2
0.75
0.5
0.71429
0.4
1
0.14286
0.75
0.71429
0.75
1
0.375
0.25
0.5
0.5
0.5
0.75
0.33333
0.66667
0.25
0.33333
0.4
0.33333
1
0.33333
0.25
0.125
0.5
0.33333
0.33333
0.33333
0.25
0.5
0.75
0.33333
0.75
0.5
0.5
1
0.66667
0.5
0.28571
0.5
0.66667
0.33333
0.5
0.71429
1
0.5
0.5
0.6
0.33333
0.66667
0.33333
0.66667
0.33333
0.66667
0.75
0.8
0.33333
0.28571
1
0.4
0.66667
1
0.25
0.66667
0.5
0.75
0.5
0.33333
0.25
0.25
0.75
0.66667
1
0.5
0.81818
0.8
0.66667
0.71429
0.75
1
0.75
0.6
0.8
1
0.5
0.33333
0.33333
0.33333
0.5
1
1
0.5
0.5
0.25
0.66667
0.2
0.5
0.2
0.66667
0.5
0.5
1
0.5
0.5
0.25
1
1
1
0.66667
0.66667
0.85714
0.66667
0.57143
0.5
0.75
0.14286
0.66667
0.5
0.5
0.5
1
0.33333
0.4
0.66667
0.5
0.5
0.66667
0.4
0.33333
0.5
0.25
0.5
0.25
0.375
0.33333
0.33333
0.5
0.33333
0.33333
0.66667
0.5
0.33333
0.6
0.5
0.625
0.75
0.6
1
1
1
