2
10
11
16
17
18
26
30
35
36
47
53
58
63
67
71
131
204
206
208
218
234
260
271
280
296
357
372
406
422
423
432
437
446
459
460
464
465
470
485
540
588
622
687
771
790
812
819
886
896
949
961
984
1000
1017
1104
1124
1189
1193
1198
1205
1211
1212
1213
1216
1218
1223
1234
1236
1238
1269
1280
1283
1297
1299
1326
1330
1336
1360
1376
1389
1421
1508
1520
1559
1572
1609
1621
1667
1681
1686
1703
1714
1717
1808
1826
1831
1837
1852
1871
1890
1909
1913
1936
1944
1945
1946
1949
2069
2078
2084
2099
2172
2198
2235
2244
2249
2252
2269
2277
2310
2384
2421
2434
2446
2462
2483
2484
2497
2508
2517
2526
2553
2563
2597
2604
2609
2612
2624
2625
2639
2657
2660
2664
2679
2687
2688
2696
2707
2708
2722
2725
2733
2761
2764
2766
2769
2811
2812
2821
2835
2844
2849
2852
2853
2859
2869
2871
2872
2876
2877
2880
2886
2887
2893
2895
2896
2898
2902
2903
2904
2906
2907
2908
2910
2912
2913
2921
2946
2949
2953
2954
2959
2962
2965
2967
2968
2971
2974
2979
2983
2987
2988
2991
2992
3001
3004
3008
3009
3010
3012
3015
3033
3051
3102
3132
3275
3287
3307
3326
3333
3352
3357
3375
3388
3393
3407
3421
3437
3449
3493
3495
3498
3500
3517
3524
3538
3568
3620
3623
3639
3646
3672
3683
3692
3720
3733
3785
3825
3826
3844
3880
3895
3905
3911
3936
3960
3964
3972
4004
4050
4108
4158
4288
4308
4331
4379
4409
4418
4419
4420
4428
4444
4452
4459
4473
4517
4526
4543
4562
4579
4790
4792
4801
4804
4815
4907
4911
5056
5065
5116
5192
5259
5271
5303
5313
5325
5345
5349
5367
5370
5411
5414
5416
5427
5433
5451
5463
5474
5481
5485
5513
5579
5595
5596
5624
5634
5638
5648
5668
5671
5672
5677
5684
5713
5718
5725
5727
5730
5737
5754
5774
5776
5794
5954
5984
5988
5996
6005
6043
6047
6059
6063
6065
6069
6101
6129
6137
6151
6154
6165
6167
6182
6202
6203
6230
6246
6254
6274
6290
6292
6326
6335
6367
6432
6444
6459
6613
6669
6719
6724
6773
6794
6799
6808
6812
6813
6817
6818
6825
6840
6860
6864
6869
6873
6874
6909
6918
6956
7005
7011
7057
7066
7073
7109
7132
7134
7156
7163
7199
7246
7261
7268
7298
7301
7310
7316
7318
7319
7321
7326
7337
7348
7352
7364
7372
7380
7382
7386
7392
7398
7400
7404
7405
7409
7418
7428
7429
7431
7432
7437
7453
7485
7489
7538
7539
7540
7587
7590
7596
7615
7623
7646
7650
7652
7658
7663
7671
7676
7717
7743
7746
7747
7754
7755
7768
7792
7801
7811
7816
7834
7835
7837
7855
7862
7873
7922
7982
7990
8032
8127
8142
8148
8149
8208
8210
8258
8288
8343
8350
8383
8407
8427
8444
8460
8480
8523
8524
8530
8535
8545
8575
8576
8581
8587
8605
8606
8639
8656
8689
8725
8729
8732
8742
8761
8784
8791
8802
8806
8809
8810
8827
8835
8842
8850
8874
8895
8923
8952
9026
9191
9199
9200
9204
9216
9217
9219
9233
9234
9251
9256
9258
9261
9267
9268
9281
9286
9287
9290
9291
9311
9321
9340
9345
9359
9372
9378
9399
9432
9444
9449
9461
9469
9499
9510
9514
9515
9520
9534
9561
9569
9614
9615
9619
9622
9630
9639
9647
9653
9661
9670
9678
9679
9683
9688
9691
9693
9695
9706
9709
9711
9713
9717
9723
9726
9728
9732
9733
9734
9736
9740
9743
9755
9758
9767
9768
9771
9793
9797
9801
9817
9839
9852
9879
9886
9901
9911
10023
10047
10051
10064
10129
10170
10201
10222
10235
10251
10269
10272
10285
10319
10352
10369
10374
10391
10471
10478
10482
10491
10563
10565
10572
10619
10650
10681
10691
10734
10737
10742
10748
10763
10773
10789
10802
10807
10821
10874
10877
10886
10916
10917
10940
10967
10976
10981
10989
11017
11034
11035
11036
11042
11057
11058
11061
11063
11065
11072
11093
11094
11121
11132
11138
11151
11174
11180
11187
11190
11194
11208
11224
11241
11314
11417
11420
11453
11455
11465
11473
11522
11579
11583
11600
11601
11603
11605
11626
11655
11666
11671
11679
11694
11702
11735
11781
11792
11832
11877
11898
11904
11910
11915
11921
11923
11927
11928
11975
11992
12025
12052
12076
12085
12112
12117
12118
12121
12123
12125
12128
12132
12133
12137
12139
12140
12142
12155
12156
12181
12247
12251
12257
12258
12287
12295
12318
12376
12388
12417
12419
12437
12446
12454
12573
12620
12751
12865
12903
12911
12921
12984
12996
13002
13019
13027
13045
13047
13049
13068
13163
13166
13171
13183
13250
13263
13274
13380
13397
13402
13408
13433
13438
13440
13475
13480
13485
13489
13499
13527
13534
13547
13577
13581
13596
13619
13624
13690
13694
13697
13706
13722
13723
13739
13751
